18
60
69 74
36 54 58
28 70 60 89
30 95 73 70 20
58 03 15 46 08 28
04 98 84 62 04 69 93
72 55 08 34 85 26 59 86
98 48 09 22 77 42 17 64 59
66 42 18 70 21 97 66 69 84 36
71 83 76 66 90 27 31 67 44 22 10
94 18 27 83 89 08 81 87 75 48 61 94
51 74 58 26 34 50 36 98 22 94 60 91 98
15 97 48 44 39 01 09 03 46 58 15 88 52 13
91 27 34 04 31 68 71 15 78 37 26 27 69 01 95
27 48 13 48 03 03 11 11 81 81 22 77 61 39 92 86
19 50 12 23 77 84 25 86 82 95 36 38 21 24 16 75 05
09 25 27 75 42 96 81 81 72 82 74 22 67 61 36 66 95 95